10
0.00 1.20 5.00 5.00 4.20 7.00 9.00 7.60 11.0 4.30
1.20 0.00 3.40 4.10 5.00 6.00 4.10 6.40 5.30 4.50
5.00 3.40 0.00 2.10 6.00 6.20 4.60 9.00 11.3 22.0
5.00 4.20 2.10 0.00 11.0 5.00 13.0 4.10 4.30 5.50
4.20 5.00 6.00 11.0 0.00 1.90 7.00 9.00 5.50 4.30
7.00 6.00 6.20 5.00 1.90 0.00 7.50 5.60 6.30 4.50
9.00 4.10 4.60 13.0 7.00 7.50 0.00 3.60 8.00 10.0
7.60 6.40 9.00 4.10 9.00 5.60 3.60 0.00 4.90 2.90
11.0 5.30 11.3 4.30 5.50 6.30 8.00 4.90 0.00 1.40
4.30 4.50 22.0 5.50 4.30 4.50 10.0 2.90 1.40 0.00