10
0 1.2 5 5 4.2 7 9 7.6 11 4.3
1.2 0 3.4 4.1 5 6 4.1 6.4 5.3 4.5
5 3.4 0 2.1 6 6.2 4.6 9 11.3 22
5 4.1 2.1 0 11 5 13 4.1 4.3 5.5
4.2 5 6 11 0 1.9 7 9 5.5 4.3
7 6 6.2 5 1.9 0 7.5 5.6 6.3 4.5
9 4.1 4.6 13 7 7.5 0 3.6 8 10
7.6 6.4 9 4.1 9 5.6 3.6 0 4.9 2.9
11 5.3 11.3 4.3 5.5 6.3 8 4.9 0 1.4
4.3 4.5 22 5.5 4.3 4.5 10 2.9 1.4 0